[General]
cameraStartPosLat = 49.220430343839226
cameraStartPosLong = 39.8236207451549
cameraStartPosHeight = 1388523.609608505
cameraStartPosHeading = 40.200000435648
cameraStartPosPitch = 0
cameraMaxTargetDist = 40000
cameraCoef = 1.0
cameraMinWheelDist = 10.0
cameraMaxWheelDist = 50000.0
